1 0.14375 0.3828125 0.07890625 0.10234375
3 0.15859375 0.33515625 0.03203125 0.02265625
1 0.203125 0.3359375 0.01796875 0.0125
7 0.2140625 0.3296875 0.0296875 0.021875
0 0.290625 0.32890625 0.03125 0.025
1 0.25234375 0.35390625 0.03984375 0.0515625
0 0.26171875 0.33046875 0.0484375 0.0390625
1 0.3515625 0.334375 0.03125 0.02265625
1 0.40234375 0.396875 0.0734375 0.09453125
7 0.184375 0.3328125 0.03125 0.0265625
1 0.68125 0.33515625 0.08203125 0.046875
5 0.85546875 0.2828125 0.28828125 0.16953125
2 0.47265625 0.32578125 0.234375 0.21640625