1 0.06796875 0.24921875 0.134375 0.1453125
3 0.36484375 0.22421875 0.22421875 0.1140625
1 0.4578125 0.20078125 0.03671875 0.05859375
1 0.515625 0.19609375 0.0328125 0.05
1 0.55390625 0.1875 0.040625 0.015625
7 0.61953125 0.19453125 0.0984375 0.10390625
1 0.70546875 0.18125 0.0234375 0.03359375
1 0.67734375 0.175 0.0109375 0.0171875
5 0.68515625 0.16484375 0.02890625 0.02734375
1 0.75390625 0.17265625 0.01328125 0.01328125
1 0.7765625 0.17421875 0.00703125 0.01171875
1 0.7890625 0.25703125 0.1984375 0.15859375