1 0.05859375 0.2640625 0.03671875 0.03828125
1 0.071875 0.315625 0.04453125 0.05
1 0.01328125 0.20703125 0.0265625 0.03046875
1 0.1984375 0.28671875 0.03359375 0.0390625
1 0.44453125 0.25703125 0.053125 0.04765625
1 0.659375 0.278125 0.0875 0.04296875
1 0.87578125 0.1953125 0.03671875 0.0375
7 0.90078125 0.2359375 0.0921875 0.10078125
0 0.384375 0.43671875 0.1640625 0.08984375
0 0.4765625 0.49453125 0.19453125 0.10625
0 0.7453125 0.465625 0.11015625 0.121875
7 0.53984375 0.40390625 0.2234375 0.10546875
7 0.634375 0.37109375 0.2203125 0.1171875
7 0.51015625 0.24609375 0.09140625 0.075
7 0.6578125 0.228125 0.11875 0.0828125
3 0.5609375 0.2375 0.09375 0.05859375
3 0.7546875 0.19453125 0.07890625 0.05703125
7 0.82734375 0.1765625 0.06171875 0.04921875
3 0.9015625 0.5453125 0.196875 0.146875
1 0.4890625 0.9578125 0.09453125 0.084375
3 0.14765625 0.3171875 0.1125 0.07578125
7 0.25703125 0.30703125 0.16171875 0.1046875
3 0.86171875 0.13984375 0.05078125 0.0359375
1 0.83359375 0.12734375 0.02421875 0.02421875