1 0.88203125 0.35625 0.0890625 0.05078125
1 0.78515625 0.35546875 0.103125 0.04609375
1 0.7375 0.3484375 0.08046875 0.0515625
1 0.70703125 0.34609375 0.0671875 0.04765625
1 0.35390625 0.3125 0.03125 0.04765625
1 0.340625 0.3140625 0.0328125 0.01796875
1 0.32421875 0.3125 0.0328125 0.0140625
3 0.290625 0.30390625 0.0390625 0.03203125
0 0.26640625 0.31640625 0.07734375 0.075
7 0.15546875 0.29453125 0.065625 0.04921875
3 0.0984375 0.29921875 0.05546875 0.0234375
3 0.0609375 0.29609375 0.03359375 0.01171875
1 0.16328125 0.3359375 0.075 0.0515625
1 0.090625 0.52109375 0.18125 0.18125
1 0.0625 0.421875 0.12421875 0.053125
1 0.06171875 0.39453125 0.1234375 0.0484375
1 0.09140625 0.38359375 0.1828125 0.0953125
1 0.08515625 0.34921875 0.16875 0.0578125
1 0.08203125 0.3296875 0.1234375 0.01484375
1 0.07734375 0.31171875 0.10234375 0.009375
1 0.0703125 0.315625 0.121875 0.0125
0 0.534375 0.390625 0.33359375 0.3015625
1 0.96796875 0.49140625 0.0640625 0.13828125