3 0.87890625 0.21171875 0.1421875 0.0671875
1 0.7296875 0.2796875 0.06796875 0.08515625
1 0.42734375 0.21328125 0.0109375 0.01796875
1 0.2640625 0.22421875 0.0265625 0.02734375
1 0.30234375 0.22109375 0.04140625 0.0328125
5 0.35546875 0.19609375 0.059375 0.05
2 0.3015625 0.19765625 0.0765625 0.0546875
1 0.12109375 0.2328125 0.0796875 0.03828125
1 0.184375 0.2296875 0.059375 0.03828125
1 0.21796875 0.22109375 0.053125 0.03359375
5 0.196875 0.20859375 0.12265625 0.04765625
2 0.5703125 0.196875 0.3046875 0.2703125