4 0.43515625 0.23828125 0.31640625 0.30859375
3 0.2078125 0.271875 0.1 0.09609375
8 0.0640625 0.25 0.128125 0.17109375
7 0.7421875 0.2359375 0.04765625 0.03984375
1 0.65859375 0.25625 0.0671875 0.00859375
3 0.93203125 0.26796875 0.1234375 0.1046875
3 0.6890625 0.2375 0.02109375 0.01484375
5 0.61875 0.23359375 0.05 0.02578125
5 0.66796875 0.225 0.04140625 0.01875
5 0.7171875 0.234375 0.02109375 0.0171875
1 0.75703125 0.2421875 0.01171875 0.01328125
1 0.77109375 0.2421875 0.0140625 0.01171875
1 0.80078125 0.240625 0.01328125 0.0109375
3 0.83203125 0.24140625 0.0171875 0.0125
5 0.58984375 0.23046875 0.05 0.02421875