1 0.4921875 0.03671875 0.04140625 0.06328125
6 0.57265625 0.02265625 0.05625 0.04453125
2 0.54375 0.2578125 0.15859375 0.384375
5 0.62421875 0.15 0.03125 0.13203125
6 0.5828125 0.4484375 0.09765625 0.046875
7 0.58046875 0.49140625 0.1125 0.05703125
7 0.5640625 0.5328125 0.11484375 0.07109375
7 0.5234375 0.58984375 0.0859375 0.121875
7 0.58828125 0.58671875 0.03984375 0.05625
7 0.5703125 0.634375 0.0546875 0.059375
8 0.5515625 0.69765625 0.17578125 0.08203125
7 0.5515625 0.765625 0.1296875 0.07421875
3 0.503125 0.853125 0.09375 0.08359375
7 0.5296875 0.95390625 0.12421875 0.0921875
1 0.16875 0.51640625 0.16015625 0.1375