1 0.678125 0.2515625 0.00625 0.009375
1 0.6703125 0.25234375 0.00625 0.0078125
1 0.659375 0.253125 0.0078125 0.01171875
1 0.6546875 0.2515625 0.00625 0.01015625
1 0.64609375 0.2515625 0.0046875 0.009375
1 0.6375 0.25703125 0.01328125 0.01953125
4 0.621875 0.24375 0.01328125 0.009375
3 0.609375 0.24375 0.0078125 0.0046875
3 0.6046875 0.2546875 0.02265625 0.01875
3 0.58515625 0.25625 0.03125 0.0234375
1 0.625 0.26171875 0.01640625 0.03125
0 0.55078125 0.25703125 0.03671875 0.0296875
3 0.52890625 0.25390625 0.00859375 0.01875
0 0.45234375 0.2671875 0.0734375 0.06796875
3 0.40859375 0.26015625 0.05390625 0.04296875
5 0.221875 0.21796875 0.29453125 0.2
1 0.54609375 0.29296875 0.0609375 0.1125