1 0.94609375 0.46953125 0.03359375 0.05
5 0.965625 0.4984375 0.06796875 0.12890625
0 0.7265625 0.5421875 0.10859375 0.0921875
0 0.6484375 0.5125 0.09453125 0.07734375
0 0.53984375 0.51015625 0.12890625 0.07890625
0 0.6 0.4828125 0.08125 0.0515625
3 0.5546875 0.46875 0.13984375 0.05546875
3 0.49921875 0.44453125 0.1375 0.04609375
7 0.46171875 0.4140625 0.140625 0.08046875
0 0.36484375 0.40390625 0.078125 0.0546875
0 0.403125 0.425 0.0015625 0.00078125
1 0.20859375 0.4375 0.05546875 0.0515625
1 0.2875 0.46796875 0.06171875 0.05546875
1 0.46796875 0.52265625 0.05703125 0.065625
1 0.5140625 0.56484375 0.10703125 0.0625
1 0.33125 0.5375 0.06953125 0.0625
0 0.2984375 0.58125 0.14453125 0.1140625
1 0.11875 0.56015625 0.11015625 0.04921875
1 0.1375 0.521875 0.1109375 0.0484375
1 0.2265625 0.38984375 0.015625 0.0234375
7 0.27265625 0.38359375 0.08359375 0.08359375
1 0.203125 0.3734375 0.02578125 0.03671875
1 0.165625 0.35703125 0.05234375 0.034375
0 0.209375 0.33359375 0.06640625 0.0328125
0 0.17890625 0.3234375 0.06171875 0.0234375
0 0.13125 0.334375 0.05546875 0.03984375
3 0.0890625 0.31640625 0.0671875 0.0453125
3 0.153125 0.30703125 0.0703125 0.02109375
1 0.05859375 0.2828125 0.0265625 0.03203125
1 0.33828125 0.78515625 0.1109375 0.121875
1 0.41171875 0.85078125 0.190625 0.0953125
1 0.496875 0.94921875 0.1515625 0.1015625
1 0.6421875 0.9734375 0.14375 0.053125