1 0.01953125 0.4046875 0.0234375 0.0203125
1 0.0421875 0.40390625 0.0375 0.02421875
5 0.11328125 0.39609375 0.10390625 0.0390625
1 0.3125 0.42734375 0.0125 0.02265625
1 0.290625 0.41484375 0.0265625 0.02109375
1 0.296875 0.43203125 0.046875 0.021875
1 0.30546875 0.4765625 0.034375 0.0609375
1 0.28828125 0.4640625 0.07109375 0.05234375
7 0.17578125 0.434375 0.14140625 0.13828125
7 0.6421875 0.44765625 0.190625 0.1671875
7 0.5078125 0.49453125 0.38046875 0.29609375
7 0.83984375 0.54453125 0.3203125 0.4515625