1 0.10703125 0.2984375 0.2140625 0.15859375
1 0.0765625 0.20625 0.0671875 0.05546875
1 0.3203125 0.234375 0.07109375 0.06953125
1 0.2421875 0.184375 0.03984375 0.03359375
1 0.2125 0.1796875 0.015625 0.03359375
1 0.07890625 0.1796875 0.03359375 0.02890625
3 0.125 0.1609375 0.05703125 0.03359375
0 0.18203125 0.16875 0.05859375 0.05625
0 0.275 0.16796875 0.05 0.04921875
0 0.3765625 0.18203125 0.103125 0.0921875
0 0.61796875 0.290625 0.39140625 0.3703125
0 0.890625 0.2234375 0.21875 0.115625
1 0.778125 0.21796875 0.03359375 0.03984375