7 0.37890625 0.29453125 0.01640625 0.01796875
7 0.396875 0.29765625 0.01171875 0.01484375
5 0.3640625 0.28671875 0.01875 0.0390625
5 0.3125 0.2765625 0.09765625 0.0890625
5 0.1234375 0.2546875 0.22265625 0.12265625
5 0.4828125 0.28046875 0.16484375 0.18828125
5 0.728125 0.2765625 0.16953125 0.09375
1 0.16171875 0.4 0.1953125 0.13125
1 0.103125 0.371875 0.20546875 0.08203125
1 0.16875 0.325 0.0828125 0.02265625
1 0.03515625 0.31328125 0.06953125 0.02265625
1 0.35625 0.3203125 0.034375 0.02890625
5 0.6046875 0.29609375 0.084375 0.096875